1.02
1.03
1.02
1.02
1.00
0.98
0.98
0.97
0.98
1.00
0.99
1.00
1.00
1.00
0.99
0.99
1.00
0.99
1.02
1.01
0.99
0.98
0.98
0.98
0.98
1.00
1.00
1.00
1.02
0.99
0.98
0.98
0.98
0.97
0.98
0.99
0.97
0.98
0.99
0.97
0.98
0.97
0.97
0.98
0.97
0.97
0.96
0.96
0.97
0.95
0.95
0.95
0.93
0.95
0.97
0.98
1.00
1.00
0.99
0.99
0.99
0.99
0.98
0.99
0.99
0.99
0.99
0.99
0.98
0.99
0.99
1.00
1.01
1.00
0.99
0.99
0.98
0.96
0.97
0.98
0.98
0.98
0.98
0.98
0.97
0.97
0.97
0.98
0.99
1.00
1.00
0.99
1.01
1.01
1.02
1.02
1.00
1.00
0.99
0.99
0.99
0.98
0.99
0.98
0.99
0.99
0.99
0.99
0.98
0.98
0.98
0.99
0.98
0.99
0.99
1.00
1.01
1.02
1.01
1.00
0.99
0.97
0.97
0.98
0.98
0.97
0.97
0.96
0.97
0.99
1.02
1.03
1.01
0.98
0.96
0.94
0.96
1.00
1.00
1.02
1.00
0.99
0.98
0.98
0.97
0.96
0.96
0.97
0.98
0.97
0.99
0.97
0.98
1.00
0.98
0.99
0.99
1.00
1.00
0.99
0.99
0.99
0.98
0.99
1.01
0.99
1.02
1.02
1.02
1.02
1.02
1.01
0.99
1.00
1.00
1.00
1.01
1.02
1.00
0.99
1.00
0.97
1.00
0.99
0.98
0.98
0.96
0.97
0.96
0.97
0.96
0.98
0.98
0.98
1.00
0.98
0.98
0.98
0.97
0.97
0.98
0.97
0.97
0.96
0.96
0.99
0.99
1.00
1.00
0.97
0.98
0.97
0.97
0.98
0.99
0.99
0.98
0.98
0.98
1.00
1.00
1.00
1.00
0.97
0.97
0.98
1.00
1.01
1.02
1.01
1.01
1.00
1.01
1.02
1.02
1.03
1.01
1.00
0.99
0.98
0.98
0.97
0.98
0.99
0.99
1.01
1.00
1.00
1.01
1.01
1.01
1.00
1.00
1.00
0.98
1.00
0.99
0.99
0.99
0.97
0.97
0.98
1.01
1.02
1.02
1.03
1.01
0.99
0.96
0.96
0.97
0.98
1.00
0.99
0.98
0.97
0.97
0.98
0.98
0.99
0.97
0.96
0.95
0.94
0.95
0.96
0.96
0.98
0.99
0.97
0.96
0.96
0.95
0.95
0.97
0.97
0.98
0.97
0.97
0.97
0.96
0.97
0.97
0.96
0.99
1.00
1.02
1.04
1.02
1.01
0.99
0.98
0.99
0.98
0.99
0.97
0.98
0.99
1.02
1.03
1.03
1.05
1.02
1.00
0.98
0.95
0.97
0.98
0.99
1.02
0.99
1.00
1.01
1.02
1.04
1.03
1.01
0.99
0.99
1.01
0.99
0.99
0.98
0.97
0.98
0.98
0.99
0.99
1.00
0.99
0.99
0.98
0.97
0.98
0.97
0.98
0.99
0.98
0.98
0.97
0.97
0.98
0.99
0.99
0.99
1.00
0.99
0.98
0.98
0.98
1.00
1.01
1.01
1.00
0.99
0.98
0.97
0.96
0.95
0.96
0.95
0.96
0.97
0.96
0.94
0.93
0.95
0.95
0.96
0.97
0.96
0.97
0.98
0.98
0.98
0.98
0.99
1.01
1.00
1.00
1.01
0.99
0.99
0.97
0.95
0.95
0.96
0.96
0.97
0.97
0.98
0.98
0.97
0.98
0.97
0.96
0.96
0.96
0.95
0.97
0.97
0.98
0.99
1.00
0.99
0.99
0.98
0.97
0.97
0.97
0.98
1.00
1.00
1.00
1.01
0.99
0.99
0.98
0.98
1.00
0.99
1.00
1.02
1.00
1.02
1.01
0.99
0.98
0.98
0.98
0.99
1.00
0.99
0.99
0.98
0.98
0.98
0.97
0.99
0.97
0.97
1.00
0.99
0.99
0.99
0.96
0.98
0.98
0.98
0.99
1.00
1.01
1.02
1.00
0.97
0.96
0.96
0.96
0.97
0.98
0.98
0.99
0.99
0.98
1.01
1.00
1.00
0.99
0.98
0.97
0.99
0.98
0.98
1.00
0.98
1.00
0.99
0.99
1.00
0.98
