12.30
12.12
12.13
11.79
11.43
11.67
11.84
12.13
12.28
12.14
11.87
11.75
11.77
11.81
11.97
12.11
12.37
12.57
12.57
12.29
11.94
11.64
11.50
11.69
11.92
12.03
12.13
12.21
12.23
12.13
12.07
11.90
11.82
11.96
11.83
11.81
11.79
11.65
11.64
11.85
11.75
11.88
12.08
11.91
11.96
11.86
11.84
12.08
12.06
12.05
11.98
11.97
11.96
12.27
12.20
12.09
11.88
11.64
11.87
12.04
12.44
12.68
12.62
12.46
12.29
12.14
12.39
12.35
12.32
12.38
12.12
12.04
12.25
12.21
12.31
12.59
12.57
12.71
12.81
12.48
12.34
12.21
12.02
12.17
12.11
11.91
11.70
11.74
11.77
11.86
12.11
12.10
12.18
11.87
11.57
11.67
11.58
11.65
11.87
11.76
11.73
11.75
11.55
11.59
11.70
11.82
12.26
12.25
12.22
12.20
11.88
11.82
11.91
11.78
11.75
11.71
11.71
11.84
11.88
12.21
12.14
12.48
12.57
12.40
12.31
11.92
12.00
12.09
12.24
12.52
12.44
12.28
12.38
12.32
12.18
11.98
11.79
11.75
11.66
11.71
11.69
11.70
12.11
12.13
12.25
12.32
11.95
12.21
12.31
12.34
12.48
12.24
12.02
11.98
11.97
12.02
12.37
12.37
12.42
12.33
12.10
11.91
11.98
12.02
11.92
12.14
12.02
12.01
11.97
11.92
11.96
12.10
12.27
12.18
12.16
12.21
12.25
12.13
12.15
12.23
12.19
12.22
12.34
12.10
12.19
12.25
12.34
12.52
12.42
12.61
12.25
12.18
11.93
11.66
11.76
11.65
12.08
12.05
12.13
12.15
11.88
12.21
12.13
12.11
12.12
12.03
11.82
11.62
11.60
11.74
11.96
12.05
12.01
11.69
11.65
11.70
11.75
11.86
11.87
11.91
11.98
11.90
11.88
12.00
11.97
12.16
12.25
12.34
12.09
11.82
11.83
11.82
12.12
12.32
12.18
12.05
12.03
12.05
12.16
11.79
11.59
11.69
11.68
11.94
11.91
11.52
11.60
11.62
11.68
11.79
11.78
11.63
11.75
11.70
11.73
12.02
12.16
12.27
12.12
11.93
11.92
11.97
12.09
12.12
11.95
11.90
12.03
11.90
11.91
11.71
11.42
11.66
11.58
12.08
12.29
12.14
12.31
11.97
11.75
11.87
11.48
11.67
11.79
11.62
11.80
11.52
11.40
11.59
11.63
11.86
11.95
11.74
11.92
11.96
12.02
12.12
12.01
11.88
11.88
11.97
12.15
12.18
12.27
12.17
12.05
12.43
12.57
12.60
12.54
12.29
12.02
11.96
12.26
12.04
11.92
11.96
11.45
11.42
11.77
11.82
11.97
11.93
11.73
12.04
11.96
12.03
12.07
11.51
11.72
11.57
11.73
12.05
12.08
12.11
11.76
11.92
11.71
12.02
11.96
11.59
11.99
11.62
11.69
11.80
11.35
11.47
11.64
11.74
11.96
12.04
12.19
12.29
12.17
12.17
12.03
11.95
12.40
12.38
12.24
12.16
11.60
11.76
11.97
11.98
12.07
12.09
11.96
11.84
11.95
11.90
11.97
12.20
12.24
12.30
12.12
11.95
11.84
11.70
11.71
11.63
11.75
11.80
11.75
12.08
12.12
12.00
12.33
12.06
11.67
11.81
11.70
11.60
12.05
12.22
12.14
12.27
12.35
12.12
12.13
12.35
12.42
12.38
12.34
12.14
12.00
12.16
12.41
12.32
12.12
11.63
11.32
11.25
11.23
11.80
12.01
12.43
12.49
12.26
12.06
11.88
12.10
12.20
12.22
12.04
11.91
11.71
11.93
11.85
11.69
11.73
11.59
11.75
11.78
11.62
11.55
11.62
11.62
12.06
12.07
12.14
12.48
12.47
12.31
12.18
11.91
11.78
12.16
12.25
12.27
12.32
12.14
12.22
12.23
12.12
12.13
12.13
12.23
12.24
12.08
11.93
11.75
11.97
12.21
12.23
12.20
12.08
12.06
12.26
12.50
12.39
12.56
12.21
11.88
11.90
11.46
11.62
11.90
12.01
12.09
12.09
11.98
11.72
11.79
11.80
11.87
12.10
12.21
12.18
12.18
11.90
11.61
11.54
11.68
11.93
12.16
12.00
11.61
11.43
11.12
11.12
