39.48
42.33
43.86
42.73
42.43
40.26
41.56
43.58
44.25
45.08
42.19
41.62
42.58
41.88
43.75
44.70
44.12
43.92
43.70
42.59
43.36
44.16
44.54
47.25
46.70
48.91
46.69
43.91
44.23
41.28
43.08
43.52
41.84
41.24
40.71
40.80
39.61
39.70
39.01
37.63
40.71
43.52
43.26
44.38
43.52
41.48
42.84
44.56
43.43
44.31
43.93
42.19
42.14
42.89
43.20
43.22
43.55
42.54
41.09
42.27
42.77
42.74
43.18
42.63
42.40
41.10
40.94
40.72
41.01
42.91
43.38
43.15
44.21
43.10
44.40
44.71
42.92
43.83
42.70
42.16
42.55
43.42
42.49
43.33
44.23
41.41
43.80
44.87
44.58
46.07
45.16
43.08
41.31
41.31
40.91
41.99
42.64
43.00
43.82
42.78
43.02
41.81
42.20
42.37
42.08
43.00
42.16
41.35
42.45
42.79
43.68
44.23
43.09
42.67
39.91
40.14
41.34
42.31
43.87
44.26
41.70
42.16
41.80
41.64
42.40
42.70
44.45
44.55
45.55
43.56
42.12
42.89
42.30
42.88
44.06
43.12
42.82
43.69
42.73
43.63
45.53
45.20
45.24
44.94
45.10
43.89
43.33
42.69
40.88
41.86
41.13
41.43
42.63
42.21
42.25
41.13
42.13
40.91
42.14
42.66
41.19
42.85
42.50
44.22
43.59
43.20
43.78
42.98
44.58
44.59
42.70
42.24
41.71
41.36
42.82
43.18
41.04
41.82
42.36
41.71
43.15
41.72
41.71
41.51
41.44
42.56
41.97
42.55
43.28
43.97
44.48
44.39
42.97
41.05
41.00
40.16
40.56
41.24
39.49
39.82
