36.21
38.90
40.22
42.61
47.58
45.03
35.71
41.41
38.89
50.25
43.78
44.09
42.20
38.68
41.51
47.93
39.38
46.17
45.32
45.63
38.56
45.30
40.89
48.69
41.76
46.82
51.74
46.47
50.59
37.95
40.63
47.75
38.79
45.14
42.38
41.03
36.41
43.02
42.74
36.28
36.77
40.25
37.22
48.59
48.00
39.23
41.70
45.17
39.80
44.71
48.55
40.65
43.33
43.20
41.57
40.48
46.31
44.42
41.65
41.81
42.28
38.64
46.36
43.79
42.16
40.41
44.17
42.87
36.95
39.76
43.28
44.06
44.55
41.62
42.37
48.30
40.13
46.79
43.63
41.14
43.76
42.26
41.50
42.66
47.27
38.55
44.83
46.29
35.97
48.11
49.09
45.16
41.91
44.48
40.76
38.10
41.90
42.89
45.08
40.69
43.34
46.16
40.94
41.65
38.49
47.74
41.58
40.50
42.18
44.40
38.31
44.93
43.51
47.97
40.51
40.39
41.83
36.90
41.44
45.17
45.75
43.11
43.00
34.93
47.58
41.70
42.35
37.98
48.78
48.70
42.73
41.99
40.82
42.95
45.81
39.62
43.14
47.68
42.04
38.41
46.61
43.88
45.64
45.98
45.32
44.02
44.42
46.64
40.48
41.76
41.88
39.38
44.42
38.83
43.08
44.21
42.72
39.01
38.58
48.22
37.83
43.94
40.65
42.32
44.51
42.53
47.53
39.77
42.95
44.88
44.34
46.15
42.99
37.34
42.47
44.04
41.58
43.18
43.91
35.50
44.70
45.31
41.34
41.25
38.97
45.28
40.55
40.96
43.45
42.91
42.88
43.88
46.20
44.95
42.52
38.21
38.54
44.74
39.16
39.82
